20151104201942 2 6 100 2047 2 D1C141FEEEE5D6F1843F7154BBBD2BC357A865979CF6B4CB918F11D6A0B0CFA3D251FECF01B49E3C15B250B1A75098972F8BC617BDE404EF5F6048A615E8494149230367BE2F3C99DA5B60FDE7DDB42BD6294571CC29E32721D69264AFCA674F7339A6F5EA3981E16479CB3DF06D7463289A3B5B74B37530478BB6A8DB17843AC460B7758F118C92F4C1E85C521F1906C487EC8F6C28C933201CB6BA6A8B59DCA6DA5FBAEA1C6A01A9764E7A3426779FB9194FEB811EB9A0E71F4ECE3B1260A35E7BE889C30ADAC53E9DD5E312FE8DAA2161F8332C78F0CCAE7E4580066E4A9AC1521009A208E947487D34830633AAF6B033FE51B1E64FC6B74DC68FF5CB8E9B
20151104201946 2 6 100 2047 2 D1C141FEEEE5D6F1843F7154BBBD2BC357A865979CF6B4CB918F11D6A0B0CFA3D251FECF01B49E3C15B250B1A75098972F8BC617BDE404EF5F6048A615E8494149230367BE2F3C99DA5B60FDE7DDB42BD6294571CC29E32721D69264AFCA674F7339A6F5EA3981E16479CB3DF06D7463289A3B5B74B37530478BB6A8DB17843AC460B7758F118C92F4C1E85C521F1906C487EC8F6C28C933201CB6BA6A8B59DCA6DA5FBAEA1C6A01A9764E7A3426779FB9194FEB811EB9A0E71F4ECE3B1260A35E7BE889C30ADAC53E9DD5E312FE8DAA2161F8332C78F0CCAE7E4580066E4A9AC1521009A208E947487D34830633AAF6B033FE51B1E64FC6B74DC68FF5CF591B
20151104201958 2 6 100 2047 5 D1C141FEEEE5D6F1843F7154BBBD2BC357A865979CF6B4CB918F11D6A0B0CFA3D251FECF01B49E3C15B250B1A75098972F8BC617BDE404EF5F6048A615E8494149230367BE2F3C99DA5B60FDE7DDB42BD6294571CC29E32721D69264AFCA674F7339A6F5EA3981E16479CB3DF06D7463289A3B5B74B37530478BB6A8DB17843AC460B7758F118C92F4C1E85C521F1906C487EC8F6C28C933201CB6BA6A8B59DCA6DA5FBAEA1C6A01A9764E7A3426779FB9194FEB811EB9A0E71F4ECE3B1260A35E7BE889C30ADAC53E9DD5E312FE8DAA2161F8332C78F0CCAE7E4580066E4A9AC1521009A208E947487D34830633AAF6B033FE51B1E64FC6B74DC68FF5F2FCFF
20151104202004 2 6 100 2047 2 D1C141FEEEE5D6F1843F7154BBBD2BC357A865979CF6B4CB918F11D6A0B0CFA3D251FECF01B49E3C15B250B1A75098972F8BC617BDE404EF5F6048A615E8494149230367BE2F3C99DA5B60FDE7DDB42BD6294571CC29E32721D69264AFCA674F7339A6F5EA3981E16479CB3DF06D7463289A3B5B74B37530478BB6A8DB17843AC460B7758F118C92F4C1E85C521F1906C487EC8F6C28C933201CB6BA6A8B59DCA6DA5FBAEA1C6A01A9764E7A3426779FB9194FEB811EB9A0E71F4ECE3B1260A35E7BE889C30ADAC53E9DD5E312FE8DAA2161F8332C78F0CCAE7E4580066E4A9AC1521009A208E947487D34830633AAF6B033FE51B1E64FC6B74DC68FF5FCC78B
20151104202038 2 6 100 2047 5 D1C141FEEEE5D6F1843F7154BBBD2BC357A865979CF6B4CB918F11D6A0B0CFA3D251FECF01B49E3C15B250B1A75098972F8BC617BDE404EF5F6048A615E8494149230367BE2F3C99DA5B60FDE7DDB42BD6294571CC29E32721D69264AFCA674F7339A6F5EA3981E16479CB3DF06D7463289A3B5B74B37530478BB6A8DB17843AC460B7758F118C92F4C1E85C521F1906C487EC8F6C28C933201CB6BA6A8B59DCA6DA5FBAEA1C6A01A9764E7A3426779FB9194FEB811EB9A0E71F4ECE3B1260A35E7BE889C30ADAC53E9DD5E312FE8DAA2161F8332C78F0CCAE7E4580066E4A9AC1521009A208E947487D34830633AAF6B033FE51B1E64FC6B74DC68FF6653C47
20151104202046 2 6 100 2047 5 D1C141FEEEE5D6F1843F7154BBBD2BC357A865979CF6B4CB918F11D6A0B0CFA3D251FECF01B49E3C15B250B1A75098972F8BC617BDE404EF5F6048A615E8494149230367BE2F3C99DA5B60FDE7DDB42BD6294571CC29E32721D69264AFCA674F7339A6F5EA3981E16479CB3DF06D7463289A3B5B74B37530478BB6A8DB17843AC460B7758F118C92F4C1E85C521F1906C487EC8F6C28C933201CB6BA6A8B59DCA6DA5FBAEA1C6A01A9764E7A3426779FB9194FEB811EB9A0E71F4ECE3B1260A35E7BE889C30ADAC53E9DD5E312FE8DAA2161F8332C78F0CCAE7E4580066E4A9AC1521009A208E947487D34830633AAF6B033FE51B1E64FC6B74DC68FF6778AD7
20151104202113 2 6 100 2047 5 D1C141FEEEE5D6F1843F7154BBBD2BC357A865979CF6B4CB918F11D6A0B0CFA3D251FECF01B49E3C15B250B1A75098972F8BC617BDE404EF5F6048A615E8494149230367BE2F3C99DA5B60FDE7DDB42BD6294571CC29E32721D69264AFCA674F7339A6F5EA3981E16479CB3DF06D7463289A3B5B74B37530478BB6A8DB17843AC460B7758F118C92F4C1E85C521F1906C487EC8F6C28C933201CB6BA6A8B59DCA6DA5FBAEA1C6A01A9764E7A3426779FB9194FEB811EB9A0E71F4ECE3B1260A35E7BE889C30ADAC53E9DD5E312FE8DAA2161F8332C78F0CCAE7E4580066E4A9AC1521009A208E947487D34830633AAF6B033FE51B1E64FC6B74DC68FF6CA8E8F
20151104202120 2 6 100 2047 5 D1C141FEEEE5D6F1843F7154BBBD2BC357A865979CF6B4CB918F11D6A0B0CFA3D251FECF01B49E3C15B250B1A75098972F8BC617BDE404EF5F6048A615E8494149230367BE2F3C99DA5B60FDE7DDB42BD6294571CC29E32721D69264AFCA674F7339A6F5EA3981E16479CB3DF06D7463289A3B5B74B37530478BB6A8DB17843AC460B7758F118C92F4C1E85C521F1906C487EC8F6C28C933201CB6BA6A8B59DCA6DA5FBAEA1C6A01A9764E7A3426779FB9194FEB811EB9A0E71F4ECE3B1260A35E7BE889C30ADAC53E9DD5E312FE8DAA2161F8332C78F0CCAE7E4580066E4A9AC1521009A208E947487D34830633AAF6B033FE51B1E64FC6B74DC68FF6D2E2CF
20151104202136 2 6 100 2047 2 D1C141FEEEE5D6F1843F7154BBBD2BC357A865979CF6B4CB918F11D6A0B0CFA3D251FECF01B49E3C15B250B1A75098972F8BC617BDE404EF5F6048A615E8494149230367BE2F3C99DA5B60FDE7DDB42BD6294571CC29E32721D69264AFCA674F7339A6F5EA3981E16479CB3DF06D7463289A3B5B74B37530478BB6A8DB17843AC460B7758F118C92F4C1E85C521F1906C487EC8F6C28C933201CB6BA6A8B59DCA6DA5FBAEA1C6A01A9764E7A3426779FB9194FEB811EB9A0E71F4ECE3B1260A35E7BE889C30ADAC53E9DD5E312FE8DAA2161F8332C78F0CCAE7E4580066E4A9AC1521009A208E947487D34830633AAF6B033FE51B1E64FC6B74DC68FF70228C3
20151104202156 2 6 100 2047 2 D1C141FEEEE5D6F1843F7154BBBD2BC357A865979CF6B4CB918F11D6A0B0CFA3D251FECF01B49E3C15B250B1A75098972F8BC617BDE404EF5F6048A615E8494149230367BE2F3C99DA5B60FDE7DDB42BD6294571CC29E32721D69264AFCA674F7339A6F5EA3981E16479CB3DF06D7463289A3B5B74B37530478BB6A8DB17843AC460B7758F118C92F4C1E85C521F1906C487EC8F6C28C933201CB6BA6A8B59DCA6DA5FBAEA1C6A01A9764E7A3426779FB9194FEB811EB9A0E71F4ECE3B1260A35E7BE889C30ADAC53E9DD5E312FE8DAA2161F8332C78F0CCAE7E4580066E4A9AC1521009A208E947487D34830633AAF6B033FE51B1E64FC6B74DC68FF73A24E3
20151104202252 2 6 100 2047 5 D1C141FEEEE5D6F1843F7154BBBD2BC357A865979CF6B4CB918F11D6A0B0CFA3D251FECF01B49E3C15B250B1A75098972F8BC617BDE404EF5F6048A615E8494149230367BE2F3C99DA5B60FDE7DDB42BD6294571CC29E32721D69264AFCA674F7339A6F5EA3981E16479CB3DF06D7463289A3B5B74B37530478BB6A8DB17843AC460B7758F118C92F4C1E85C521F1906C487EC8F6C28C933201CB6BA6A8B59DCA6DA5FBAEA1C6A01A9764E7A3426779FB9194FEB811EB9A0E71F4ECE3B1260A35E7BE889C30ADAC53E9DD5E312FE8DAA2161F8332C78F0CCAE7E4580066E4A9AC1521009A208E947487D34830633AAF6B033FE51B1E64FC6B74DC68FF7EB1277
20151104202340 2 6 100 2047 5 D1C141FEEEE5D6F1843F7154BBBD2BC357A865979CF6B4CB918F11D6A0B0CFA3D251FECF01B49E3C15B250B1A75098972F8BC617BDE404EF5F6048A615E8494149230367BE2F3C99DA5B60FDE7DDB42BD6294571CC29E32721D69264AFCA674F7339A6F5EA3981E16479CB3DF06D7463289A3B5B74B37530478BB6A8DB17843AC460B7758F118C92F4C1E85C521F1906C487EC8F6C28C933201CB6BA6A8B59DCA6DA5FBAEA1C6A01A9764E7A3426779FB9194FEB811EB9A0E71F4ECE3B1260A35E7BE889C30ADAC53E9DD5E312FE8DAA2161F8332C78F0CCAE7E4580066E4A9AC1521009A208E947487D34830633AAF6B033FE51B1E64FC6B74DC68FF879451F
20151104202400 2 6 100 2047 5 D1C141FEEEE5D6F1843F7154BBBD2BC357A865979CF6B4CB918F11D6A0B0CFA3D251FECF01B49E3C15B250B1A75098972F8BC617BDE404EF5F6048A615E8494149230367BE2F3C99DA5B60FDE7DDB42BD6294571CC29E32721D69264AFCA674F7339A6F5EA3981E16479CB3DF06D7463289A3B5B74B37530478BB6A8DB17843AC460B7758F118C92F4C1E85C521F1906C487EC8F6C28C933201CB6BA6A8B59DCA6DA5FBAEA1C6A01A9764E7A3426779FB9194FEB811EB9A0E71F4ECE3B1260A35E7BE889C30ADAC53E9DD5E312FE8DAA2161F8332C78F0CCAE7E4580066E4A9AC1521009A208E947487D34830633AAF6B033FE51B1E64FC6B74DC68FF8B3D707
20151104202411 2 6 100 2047 5 D1C141FEEEE5D6F1843F7154BBBD2BC357A865979CF6B4CB918F11D6A0B0CFA3D251FECF01B49E3C15B250B1A75098972F8BC617BDE404EF5F6048A615E8494149230367BE2F3C99DA5B60FDE7DDB42BD6294571CC29E32721D69264AFCA674F7339A6F5EA3981E16479CB3DF06D7463289A3B5B74B37530478BB6A8DB17843AC460B7758F118C92F4C1E85C521F1906C487EC8F6C28C933201CB6BA6A8B59DCA6DA5FBAEA1C6A01A9764E7A3426779FB9194FEB811EB9A0E71F4ECE3B1260A35E7BE889C30ADAC53E9DD5E312FE8DAA2161F8332C78F0CCAE7E4580066E4A9AC1521009A208E947487D34830633AAF6B033FE51B1E64FC6B74DC68FF8D0F877
20151104202430 2 6 100 2047 2 D1C141FEEEE5D6F1843F7154BBBD2BC357A865979CF6B4CB918F11D6A0B0CFA3D251FECF01B49E3C15B250B1A75098972F8BC617BDE404EF5F6048A615E8494149230367BE2F3C99DA5B60FDE7DDB42BD6294571CC29E32721D69264AFCA674F7339A6F5EA3981E16479CB3DF06D7463289A3B5B74B37530478BB6A8DB17843AC460B7758F118C92F4C1E85C521F1906C487EC8F6C28C933201CB6BA6A8B59DCA6DA5FBAEA1C6A01A9764E7A3426779FB9194FEB811EB9A0E71F4ECE3B1260A35E7BE889C30ADAC53E9DD5E312FE8DAA2161F8332C78F0CCAE7E4580066E4A9AC1521009A208E947487D34830633AAF6B033FE51B1E64FC6B74DC68FF902600B
20151104202435 2 6 100 2047 2 D1C141FEEEE5D6F1843F7154BBBD2BC357A865979CF6B4CB918F11D6A0B0CFA3D251FECF01B49E3C15B250B1A75098972F8BC617BDE404EF5F6048A615E8494149230367BE2F3C99DA5B60FDE7DDB42BD6294571CC29E32721D69264AFCA674F7339A6F5EA3981E16479CB3DF06D7463289A3B5B74B37530478BB6A8DB17843AC460B7758F118C92F4C1E85C521F1906C487EC8F6C28C933201CB6BA6A8B59DCA6DA5FBAEA1C6A01A9764E7A3426779FB9194FEB811EB9A0E71F4ECE3B1260A35E7BE889C30ADAC53E9DD5E312FE8DAA2161F8332C78F0CCAE7E4580066E4A9AC1521009A208E947487D34830633AAF6B033FE51B1E64FC6B74DC68FF90A0DE3
20151104202443 2 6 100 2047 2 D1C141FEEEE5D6F1843F7154BBBD2BC357A865979CF6B4CB918F11D6A0B0CFA3D251FECF01B49E3C15B250B1A75098972F8BC617BDE404EF5F6048A615E8494149230367BE2F3C99DA5B60FDE7DDB42BD6294571CC29E32721D69264AFCA674F7339A6F5EA3981E16479CB3DF06D7463289A3B5B74B37530478BB6A8DB17843AC460B7758F118C92F4C1E85C521F1906C487EC8F6C28C933201CB6BA6A8B59DCA6DA5FBAEA1C6A01A9764E7A3426779FB9194FEB811EB9A0E71F4ECE3B1260A35E7BE889C30ADAC53E9DD5E312FE8DAA2161F8332C78F0CCAE7E4580066E4A9AC1521009A208E947487D34830633AAF6B033FE51B1E64FC6B74DC68FF92106D3
20151104202450 2 6 100 2047 2 D1C141FEEEE5D6F1843F7154BBBD2BC357A865979CF6B4CB918F11D6A0B0CFA3D251FECF01B49E3C15B250B1A75098972F8BC617BDE404EF5F6048A615E8494149230367BE2F3C99DA5B60FDE7DDB42BD6294571CC29E32721D69264AFCA674F7339A6F5EA3981E16479CB3DF06D7463289A3B5B74B37530478BB6A8DB17843AC460B7758F118C92F4C1E85C521F1906C487EC8F6C28C933201CB6BA6A8B59DCA6DA5FBAEA1C6A01A9764E7A3426779FB9194FEB811EB9A0E71F4ECE3B1260A35E7BE889C30ADAC53E9DD5E312FE8DAA2161F8332C78F0CCAE7E4580066E4A9AC1521009A208E947487D34830633AAF6B033FE51B1E64FC6B74DC68FF92B1EAB
20151104202456 2 6 100 2047 2 D1C141FEEEE5D6F1843F7154BBBD2BC357A865979CF6B4CB918F11D6A0B0CFA3D251FECF01B49E3C15B250B1A75098972F8BC617BDE404EF5F6048A615E8494149230367BE2F3C99DA5B60FDE7DDB42BD6294571CC29E32721D69264AFCA674F7339A6F5EA3981E16479CB3DF06D7463289A3B5B74B37530478BB6A8DB17843AC460B7758F118C92F4C1E85C521F1906C487EC8F6C28C933201CB6BA6A8B59DCA6DA5FBAEA1C6A01A9764E7A3426779FB9194FEB811EB9A0E71F4ECE3B1260A35E7BE889C30ADAC53E9DD5E312FE8DAA2161F8332C78F0CCAE7E4580066E4A9AC1521009A208E947487D34830633AAF6B033FE51B1E64FC6B74DC68FF9387C73
20151104202518 2 6 100 2047 5 D1C141FEEEE5D6F1843F7154BBBD2BC357A865979CF6B4CB918F11D6A0B0CFA3D251FECF01B49E3C15B250B1A75098972F8BC617BDE404EF5F6048A615E8494149230367BE2F3C99DA5B60FDE7DDB42BD6294571CC29E32721D69264AFCA674F7339A6F5EA3981E16479CB3DF06D7463289A3B5B74B37530478BB6A8DB17843AC460B7758F118C92F4C1E85C521F1906C487EC8F6C28C933201CB6BA6A8B59DCA6DA5FBAEA1C6A01A9764E7A3426779FB9194FEB811EB9A0E71F4ECE3B1260A35E7BE889C30ADAC53E9DD5E312FE8DAA2161F8332C78F0CCAE7E4580066E4A9AC1521009A208E947487D34830633AAF6B033FE51B1E64FC6B74DC68FF976C09F
20151104202525 2 6 100 2047 5 D1C141FEEEE5D6F1843F7154BBBD2BC357A865979CF6B4CB918F11D6A0B0CFA3D251FECF01B49E3C15B250B1A75098972F8BC617BDE404EF5F6048A615E8494149230367BE2F3C99DA5B60FDE7DDB42BD6294571CC29E32721D69264AFCA674F7339A6F5EA3981E16479CB3DF06D7463289A3B5B74B37530478BB6A8DB17843AC460B7758F118C92F4C1E85C521F1906C487EC8F6C28C933201CB6BA6A8B59DCA6DA5FBAEA1C6A01A9764E7A3426779FB9194FEB811EB9A0E71F4ECE3B1260A35E7BE889C30ADAC53E9DD5E312FE8DAA2161F8332C78F0CCAE7E4580066E4A9AC1521009A208E947487D34830633AAF6B033FE51B1E64FC6B74DC68FF98601C7
20151104202542 2 6 100 2047 2 D1C141FEEEE5D6F1843F7154BBBD2BC357A865979CF6B4CB918F11D6A0B0CFA3D251FECF01B49E3C15B250B1A75098972F8BC617BDE404EF5F6048A615E8494149230367BE2F3C99DA5B60FDE7DDB42BD6294571CC29E32721D69264AFCA674F7339A6F5EA3981E16479CB3DF06D7463289A3B5B74B37530478BB6A8DB17843AC460B7758F118C92F4C1E85C521F1906C487EC8F6C28C933201CB6BA6A8B59DCA6DA5FBAEA1C6A01A9764E7A3426779FB9194FEB811EB9A0E71F4ECE3B1260A35E7BE889C30ADAC53E9DD5E312FE8DAA2161F8332C78F0CCAE7E4580066E4A9AC1521009A208E947487D34830633AAF6B033FE51B1E64FC6B74DC68FF9B3F983
20151104202555 2 6 100 2047 2 D1C141FEEEE5D6F1843F7154BBBD2BC357A865979CF6B4CB918F11D6A0B0CFA3D251FECF01B49E3C15B250B1A75098972F8BC617BDE404EF5F6048A615E8494149230367BE2F3C99DA5B60FDE7DDB42BD6294571CC29E32721D69264AFCA674F7339A6F5EA3981E16479CB3DF06D7463289A3B5B74B37530478BB6A8DB17843AC460B7758F118C92F4C1E85C521F1906C487EC8F6C28C933201CB6BA6A8B59DCA6DA5FBAEA1C6A01A9764E7A3426779FB9194FEB811EB9A0E71F4ECE3B1260A35E7BE889C30ADAC53E9DD5E312FE8DAA2161F8332C78F0CCAE7E4580066E4A9AC1521009A208E947487D34830633AAF6B033FE51B1E64FC6B74DC68FF9D960AB
20151104202734 2 6 100 2047 5 D1C141FEEEE5D6F1843F7154BBBD2BC357A865979CF6B4CB918F11D6A0B0CFA3D251FECF01B49E3C15B250B1A75098972F8BC617BDE404EF5F6048A615E8494149230367BE2F3C99DA5B60FDE7DDB42BD6294571CC29E32721D69264AFCA674F7339A6F5EA3981E16479CB3DF06D7463289A3B5B74B37530478BB6A8DB17843AC460B7758F118C92F4C1E85C521F1906C487EC8F6C28C933201CB6BA6A8B59DCA6DA5FBAEA1C6A01A9764E7A3426779FB9194FEB811EB9A0E71F4ECE3B1260A35E7BE889C30ADAC53E9DD5E312FE8DAA2161F8332C78F0CCAE7E4580066E4A9AC1521009A208E947487D34830633AAF6B033FE51B1E64FC6B74DC68FFB24254F
20151104202741 2 6 100 2047 2 D1C141FEEEE5D6F1843F7154BBBD2BC357A865979CF6B4CB918F11D6A0B0CFA3D251FECF01B49E3C15B250B1A75098972F8BC617BDE404EF5F6048A615E8494149230367BE2F3C99DA5B60FDE7DDB42BD6294571CC29E32721D69264AFCA674F7339A6F5EA3981E16479CB3DF06D7463289A3B5B74B37530478BB6A8DB17843AC460B7758F118C92F4C1E85C521F1906C487EC8F6C28C933201CB6BA6A8B59DCA6DA5FBAEA1C6A01A9764E7A3426779FB9194FEB811EB9A0E71F4ECE3B1260A35E7BE889C30ADAC53E9DD5E312FE8DAA2161F8332C78F0CCAE7E4580066E4A9AC1521009A208E947487D34830633AAF6B033FE51B1E64FC6B74DC68FFB2FE823
20151104202804 2 6 100 2047 5 D1C141FEEEE5D6F1843F7154BBBD2BC357A865979CF6B4CB918F11D6A0B0CFA3D251FECF01B49E3C15B250B1A75098972F8BC617BDE404EF5F6048A615E8494149230367BE2F3C99DA5B60FDE7DDB42BD6294571CC29E32721D69264AFCA674F7339A6F5EA3981E16479CB3DF06D7463289A3B5B74B37530478BB6A8DB17843AC460B7758F118C92F4C1E85C521F1906C487EC8F6C28C933201CB6BA6A8B59DCA6DA5FBAEA1C6A01A9764E7A3426779FB9194FEB811EB9A0E71F4ECE3B1260A35E7BE889C30ADAC53E9DD5E312FE8DAA2161F8332C78F0CCAE7E4580066E4A9AC1521009A208E947487D34830633AAF6B033FE51B1E64FC6B74DC68FFB7A0CB7
20151104202811 2 6 100 2047 5 D1C141FEEEE5D6F1843F7154BBBD2BC357A865979CF6B4CB918F11D6A0B0CFA3D251FECF01B49E3C15B250B1A75098972F8BC617BDE404EF5F6048A615E8494149230367BE2F3C99DA5B60FDE7DDB42BD6294571CC29E32721D69264AFCA674F7339A6F5EA3981E16479CB3DF06D7463289A3B5B74B37530478BB6A8DB17843AC460B7758F118C92F4C1E85C521F1906C487EC8F6C28C933201CB6BA6A8B59DCA6DA5FBAEA1C6A01A9764E7A3426779FB9194FEB811EB9A0E71F4ECE3B1260A35E7BE889C30ADAC53E9DD5E312FE8DAA2161F8332C78F0CCAE7E4580066E4A9AC1521009A208E947487D34830633AAF6B033FE51B1E64FC6B74DC68FFB89CA8F
20151104202830 2 6 100 2047 2 D1C141FEEEE5D6F1843F7154BBBD2BC357A865979CF6B4CB918F11D6A0B0CFA3D251FECF01B49E3C15B250B1A75098972F8BC617BDE404EF5F6048A615E8494149230367BE2F3C99DA5B60FDE7DDB42BD6294571CC29E32721D69264AFCA674F7339A6F5EA3981E16479CB3DF06D7463289A3B5B74B37530478BB6A8DB17843AC460B7758F118C92F4C1E85C521F1906C487EC8F6C28C933201CB6BA6A8B59DCA6DA5FBAEA1C6A01A9764E7A3426779FB9194FEB811EB9A0E71F4ECE3B1260A35E7BE889C30ADAC53E9DD5E312FE8DAA2161F8332C78F0CCAE7E4580066E4A9AC1521009A208E947487D34830633AAF6B033FE51B1E64FC6B74DC68FFBBF7BF3
20151104202836 2 6 100 2047 5 D1C141FEEEE5D6F1843F7154BBBD2BC357A865979CF6B4CB918F11D6A0B0CFA3D251FECF01B49E3C15B250B1A75098972F8BC617BDE404EF5F6048A615E8494149230367BE2F3C99DA5B60FDE7DDB42BD6294571CC29E32721D69264AFCA674F7339A6F5EA3981E16479CB3DF06D7463289A3B5B74B37530478BB6A8DB17843AC460B7758F118C92F4C1E85C521F1906C487EC8F6C28C933201CB6BA6A8B59DCA6DA5FBAEA1C6A01A9764E7A3426779FB9194FEB811EB9A0E71F4ECE3B1260A35E7BE889C30ADAC53E9DD5E312FE8DAA2161F8332C78F0CCAE7E4580066E4A9AC1521009A208E947487D34830633AAF6B033FE51B1E64FC6B74DC68FFBCD7DA7
20151104202845 2 6 100 2047 2 D1C141FEEEE5D6F1843F7154BBBD2BC357A865979CF6B4CB918F11D6A0B0CFA3D251FECF01B49E3C15B250B1A75098972F8BC617BDE404EF5F6048A615E8494149230367BE2F3C99DA5B60FDE7DDB42BD6294571CC29E32721D69264AFCA674F7339A6F5EA3981E16479CB3DF06D7463289A3B5B74B37530478BB6A8DB17843AC460B7758F118C92F4C1E85C521F1906C487EC8F6C28C933201CB6BA6A8B59DCA6DA5FBAEA1C6A01A9764E7A3426779FB9194FEB811EB9A0E71F4ECE3B1260A35E7BE889C30ADAC53E9DD5E312FE8DAA2161F8332C78F0CCAE7E4580066E4A9AC1521009A208E947487D34830633AAF6B033FE51B1E64FC6B74DC68FFBE4A08B
20151104202852 2 6 100 2047 5 D1C141FEEEE5D6F1843F7154BBBD2BC357A865979CF6B4CB918F11D6A0B0CFA3D251FECF01B49E3C15B250B1A75098972F8BC617BDE404EF5F6048A615E8494149230367BE2F3C99DA5B60FDE7DDB42BD6294571CC29E32721D69264AFCA674F7339A6F5EA3981E16479CB3DF06D7463289A3B5B74B37530478BB6A8DB17843AC460B7758F118C92F4C1E85C521F1906C487EC8F6C28C933201CB6BA6A8B59DCA6DA5FBAEA1C6A01A9764E7A3426779FB9194FEB811EB9A0E71F4ECE3B1260A35E7BE889C30ADAC53E9DD5E312FE8DAA2161F8332C78F0CCAE7E4580066E4A9AC1521009A208E947487D34830633AAF6B033FE51B1E64FC6B74DC68FFBF43637
20151104202924 2 6 100 2047 2 D1C141FEEEE5D6F1843F7154BBBD2BC357A865979CF6B4CB918F11D6A0B0CFA3D251FECF01B49E3C15B250B1A75098972F8BC617BDE404EF5F6048A615E8494149230367BE2F3C99DA5B60FDE7DDB42BD6294571CC29E32721D69264AFCA674F7339A6F5EA3981E16479CB3DF06D7463289A3B5B74B37530478BB6A8DB17843AC460B7758F118C92F4C1E85C521F1906C487EC8F6C28C933201CB6BA6A8B59DCA6DA5FBAEA1C6A01A9764E7A3426779FB9194FEB811EB9A0E71F4ECE3B1260A35E7BE889C30ADAC53E9DD5E312FE8DAA2161F8332C78F0CCAE7E4580066E4A9AC1521009A208E947487D34830633AAF6B033FE51B1E64FC6B74DC68FFC5B2883
20151104202928 2 6 100 2047 5 D1C141FEEEE5D6F1843F7154BBBD2BC357A865979CF6B4CB918F11D6A0B0CFA3D251FECF01B49E3C15B250B1A75098972F8BC617BDE404EF5F6048A615E8494149230367BE2F3C99DA5B60FDE7DDB42BD6294571CC29E32721D69264AFCA674F7339A6F5EA3981E16479CB3DF06D7463289A3B5B74B37530478BB6A8DB17843AC460B7758F118C92F4C1E85C521F1906C487EC8F6C28C933201CB6BA6A8B59DCA6DA5FBAEA1C6A01A9764E7A3426779FB9194FEB811EB9A0E71F4ECE3B1260A35E7BE889C30ADAC53E9DD5E312FE8DAA2161F8332C78F0CCAE7E4580066E4A9AC1521009A208E947487D34830633AAF6B033FE51B1E64FC6B74DC68FFC625F27
20151104202932 2 6 100 2047 5 D1C141FEEEE5D6F1843F7154BBBD2BC357A865979CF6B4CB918F11D6A0B0CFA3D251FECF01B49E3C15B250B1A75098972F8BC617BDE404EF5F6048A615E8494149230367BE2F3C99DA5B60FDE7DDB42BD6294571CC29E32721D69264AFCA674F7339A6F5EA3981E16479CB3DF06D7463289A3B5B74B37530478BB6A8DB17843AC460B7758F118C92F4C1E85C521F1906C487EC8F6C28C933201CB6BA6A8B59DCA6DA5FBAEA1C6A01A9764E7A3426779FB9194FEB811EB9A0E71F4ECE3B1260A35E7BE889C30ADAC53E9DD5E312FE8DAA2161F8332C78F0CCAE7E4580066E4A9AC1521009A208E947487D34830633AAF6B033FE51B1E64FC6B74DC68FFC6949B7
20151104202958 2 6 100 2047 5 D1C141FEEEE5D6F1843F7154BBBD2BC357A865979CF6B4CB918F11D6A0B0CFA3D251FECF01B49E3C15B250B1A75098972F8BC617BDE404EF5F6048A615E8494149230367BE2F3C99DA5B60FDE7DDB42BD6294571CC29E32721D69264AFCA674F7339A6F5EA3981E16479CB3DF06D7463289A3B5B74B37530478BB6A8DB17843AC460B7758F118C92F4C1E85C521F1906C487EC8F6C28C933201CB6BA6A8B59DCA6DA5FBAEA1C6A01A9764E7A3426779FB9194FEB811EB9A0E71F4ECE3B1260A35E7BE889C30ADAC53E9DD5E312FE8DAA2161F8332C78F0CCAE7E4580066E4A9AC1521009A208E947487D34830633AAF6B033FE51B1E64FC6B74DC68FFCB9DEEF
20151104203001 2 6 100 2047 2 D1C141FEEEE5D6F1843F7154BBBD2BC357A865979CF6B4CB918F11D6A0B0CFA3D251FECF01B49E3C15B250B1A75098972F8BC617BDE404EF5F6048A615E8494149230367BE2F3C99DA5B60FDE7DDB42BD6294571CC29E32721D69264AFCA674F7339A6F5EA3981E16479CB3DF06D7463289A3B5B74B37530478BB6A8DB17843AC460B7758F118C92F4C1E85C521F1906C487EC8F6C28C933201CB6BA6A8B59DCA6DA5FBAEA1C6A01A9764E7A3426779FB9194FEB811EB9A0E71F4ECE3B1260A35E7BE889C30ADAC53E9DD5E312FE8DAA2161F8332C78F0CCAE7E4580066E4A9AC1521009A208E947487D34830633AAF6B033FE51B1E64FC6B74DC68FFCBA128B
20151104203009 2 6 100 2047 2 D1C141FEEEE5D6F1843F7154BBBD2BC357A865979CF6B4CB918F11D6A0B0CFA3D251FECF01B49E3C15B250B1A75098972F8BC617BDE404EF5F6048A615E8494149230367BE2F3C99DA5B60FDE7DDB42BD6294571CC29E32721D69264AFCA674F7339A6F5EA3981E16479CB3DF06D7463289A3B5B74B37530478BB6A8DB17843AC460B7758F118C92F4C1E85C521F1906C487EC8F6C28C933201CB6BA6A8B59DCA6DA5FBAEA1C6A01A9764E7A3426779FB9194FEB811EB9A0E71F4ECE3B1260A35E7BE889C30ADAC53E9DD5E312FE8DAA2161F8332C78F0CCAE7E4580066E4A9AC1521009A208E947487D34830633AAF6B033FE51B1E64FC6B74DC68FFCCD9F1B
20151104203023 2 6 100 2047 2 D1C141FEEEE5D6F1843F7154BBBD2BC357A865979CF6B4CB918F11D6A0B0CFA3D251FECF01B49E3C15B250B1A75098972F8BC617BDE404EF5F6048A615E8494149230367BE2F3C99DA5B60FDE7DDB42BD6294571CC29E32721D69264AFCA674F7339A6F5EA3981E16479CB3DF06D7463289A3B5B74B37530478BB6A8DB17843AC460B7758F118C92F4C1E85C521F1906C487EC8F6C28C933201CB6BA6A8B59DCA6DA5FBAEA1C6A01A9764E7A3426779FB9194FEB811EB9A0E71F4ECE3B1260A35E7BE889C30ADAC53E9DD5E312FE8DAA2161F8332C78F0CCAE7E4580066E4A9AC1521009A208E947487D34830633AAF6B033FE51B1E64FC6B74DC68FFCF158E3
20151104203055 2 6 100 2047 2 D1C141FEEEE5D6F1843F7154BBBD2BC357A865979CF6B4CB918F11D6A0B0CFA3D251FECF01B49E3C15B250B1A75098972F8BC617BDE404EF5F6048A615E8494149230367BE2F3C99DA5B60FDE7DDB42BD6294571CC29E32721D69264AFCA674F7339A6F5EA3981E16479CB3DF06D7463289A3B5B74B37530478BB6A8DB17843AC460B7758F118C92F4C1E85C521F1906C487EC8F6C28C933201CB6BA6A8B59DCA6DA5FBAEA1C6A01A9764E7A3426779FB9194FEB811EB9A0E71F4ECE3B1260A35E7BE889C30ADAC53E9DD5E312FE8DAA2161F8332C78F0CCAE7E4580066E4A9AC1521009A208E947487D34830633AAF6B033FE51B1E64FC6B74DC68FFD4FBFC3
