20151104194602 2 6 100 2047 2 DD70C85D8CB7968023CB269335DD6C716D020C5D3FD56A0F5F9FC8F445A421E0D660711DD4E1CBAB4E2E55CEE8752EA53A4EC710DFACF6FA859D0B506DED20325D9687984353EE41F7C6EA830D9DEF5CFFAD92B78603B37A3F9AE06DF10187A6F1E82A61E5489FFE33A12EF0BCE99A733183B7E158FA9DFA15DB978633B67B24B68D12A225AB8DAB65BE98B18D61EE5D71FA6255A9E8C53A393E641738FD6BDBAE102D6F353C4DC3615866EF0E2C392AB6F5C8039281520A76644CE5E04FACE9DF2EBFF8CA937B0495B1C0B625B7B777259BBEE39491E5128C68677CDBF75A66F28FB44A1A3374B6E5021AD1752C2A8F1D1D2BE915CD9DF078743710CF912EAB
20151104194607 2 6 100 2047 2 DD70C85D8CB7968023CB269335DD6C716D020C5D3FD56A0F5F9FC8F445A421E0D660711DD4E1CBAB4E2E55CEE8752EA53A4EC710DFACF6FA859D0B506DED20325D9687984353EE41F7C6EA830D9DEF5CFFAD92B78603B37A3F9AE06DF10187A6F1E82A61E5489FFE33A12EF0BCE99A733183B7E158FA9DFA15DB978633B67B24B68D12A225AB8DAB65BE98B18D61EE5D71FA6255A9E8C53A393E641738FD6BDBAE102D6F353C4DC3615866EF0E2C392AB6F5C8039281520A76644CE5E04FACE9DF2EBFF8CA937B0495B1C0B625B7B777259BBEE39491E5128C68677CDBF75A66F28FB44A1A3374B6E5021AD1752C2A8F1D1D2BE915CD9DF078743710CF980363
20151104194610 2 6 100 2047 5 DD70C85D8CB7968023CB269335DD6C716D020C5D3FD56A0F5F9FC8F445A421E0D660711DD4E1CBAB4E2E55CEE8752EA53A4EC710DFACF6FA859D0B506DED20325D9687984353EE41F7C6EA830D9DEF5CFFAD92B78603B37A3F9AE06DF10187A6F1E82A61E5489FFE33A12EF0BCE99A733183B7E158FA9DFA15DB978633B67B24B68D12A225AB8DAB65BE98B18D61EE5D71FA6255A9E8C53A393E641738FD6BDBAE102D6F353C4DC3615866EF0E2C392AB6F5C8039281520A76644CE5E04FACE9DF2EBFF8CA937B0495B1C0B625B7B777259BBEE39491E5128C68677CDBF75A66F28FB44A1A3374B6E5021AD1752C2A8F1D1D2BE915CD9DF078743710CF9D352F
20151104194620 2 6 100 2047 2 DD70C85D8CB7968023CB269335DD6C716D020C5D3FD56A0F5F9FC8F445A421E0D660711DD4E1CBAB4E2E55CEE8752EA53A4EC710DFACF6FA859D0B506DED20325D9687984353EE41F7C6EA830D9DEF5CFFAD92B78603B37A3F9AE06DF10187A6F1E82A61E5489FFE33A12EF0BCE99A733183B7E158FA9DFA15DB978633B67B24B68D12A225AB8DAB65BE98B18D61EE5D71FA6255A9E8C53A393E641738FD6BDBAE102D6F353C4DC3615866EF0E2C392AB6F5C8039281520A76644CE5E04FACE9DF2EBFF8CA937B0495B1C0B625B7B777259BBEE39491E5128C68677CDBF75A66F28FB44A1A3374B6E5021AD1752C2A8F1D1D2BE915CD9DF078743710CFB6E32B
20151104194627 2 6 100 2047 2 DD70C85D8CB7968023CB269335DD6C716D020C5D3FD56A0F5F9FC8F445A421E0D660711DD4E1CBAB4E2E55CEE8752EA53A4EC710DFACF6FA859D0B506DED20325D9687984353EE41F7C6EA830D9DEF5CFFAD92B78603B37A3F9AE06DF10187A6F1E82A61E5489FFE33A12EF0BCE99A733183B7E158FA9DFA15DB978633B67B24B68D12A225AB8DAB65BE98B18D61EE5D71FA6255A9E8C53A393E641738FD6BDBAE102D6F353C4DC3615866EF0E2C392AB6F5C8039281520A76644CE5E04FACE9DF2EBFF8CA937B0495B1C0B625B7B777259BBEE39491E5128C68677CDBF75A66F28FB44A1A3374B6E5021AD1752C2A8F1D1D2BE915CD9DF078743710CFC79613
20151104194648 2 6 100 2047 5 DD70C85D8CB7968023CB269335DD6C716D020C5D3FD56A0F5F9FC8F445A421E0D660711DD4E1CBAB4E2E55CEE8752EA53A4EC710DFACF6FA859D0B506DED20325D9687984353EE41F7C6EA830D9DEF5CFFAD92B78603B37A3F9AE06DF10187A6F1E82A61E5489FFE33A12EF0BCE99A733183B7E158FA9DFA15DB978633B67B24B68D12A225AB8DAB65BE98B18D61EE5D71FA6255A9E8C53A393E641738FD6BDBAE102D6F353C4DC3615866EF0E2C392AB6F5C8039281520A76644CE5E04FACE9DF2EBFF8CA937B0495B1C0B625B7B777259BBEE39491E5128C68677CDBF75A66F28FB44A1A3374B6E5021AD1752C2A8F1D1D2BE915CD9DF078743710D00BA367
20151104194702 2 6 100 2047 2 DD70C85D8CB7968023CB269335DD6C716D020C5D3FD56A0F5F9FC8F445A421E0D660711DD4E1CBAB4E2E55CEE8752EA53A4EC710DFACF6FA859D0B506DED20325D9687984353EE41F7C6EA830D9DEF5CFFAD92B78603B37A3F9AE06DF10187A6F1E82A61E5489FFE33A12EF0BCE99A733183B7E158FA9DFA15DB978633B67B24B68D12A225AB8DAB65BE98B18D61EE5D71FA6255A9E8C53A393E641738FD6BDBAE102D6F353C4DC3615866EF0E2C392AB6F5C8039281520A76644CE5E04FACE9DF2EBFF8CA937B0495B1C0B625B7B777259BBEE39491E5128C68677CDBF75A66F28FB44A1A3374B6E5021AD1752C2A8F1D1D2BE915CD9DF078743710D032C473
20151104194718 2 6 100 2047 2 DD70C85D8CB7968023CB269335DD6C716D020C5D3FD56A0F5F9FC8F445A421E0D660711DD4E1CBAB4E2E55CEE8752EA53A4EC710DFACF6FA859D0B506DED20325D9687984353EE41F7C6EA830D9DEF5CFFAD92B78603B37A3F9AE06DF10187A6F1E82A61E5489FFE33A12EF0BCE99A733183B7E158FA9DFA15DB978633B67B24B68D12A225AB8DAB65BE98B18D61EE5D71FA6255A9E8C53A393E641738FD6BDBAE102D6F353C4DC3615866EF0E2C392AB6F5C8039281520A76644CE5E04FACE9DF2EBFF8CA937B0495B1C0B625B7B777259BBEE39491E5128C68677CDBF75A66F28FB44A1A3374B6E5021AD1752C2A8F1D1D2BE915CD9DF078743710D06186EB
20151104194725 2 6 100 2047 2 DD70C85D8CB7968023CB269335DD6C716D020C5D3FD56A0F5F9FC8F445A421E0D660711DD4E1CBAB4E2E55CEE8752EA53A4EC710DFACF6FA859D0B506DED20325D9687984353EE41F7C6EA830D9DEF5CFFAD92B78603B37A3F9AE06DF10187A6F1E82A61E5489FFE33A12EF0BCE99A733183B7E158FA9DFA15DB978633B67B24B68D12A225AB8DAB65BE98B18D61EE5D71FA6255A9E8C53A393E641738FD6BDBAE102D6F353C4DC3615866EF0E2C392AB6F5C8039281520A76644CE5E04FACE9DF2EBFF8CA937B0495B1C0B625B7B777259BBEE39491E5128C68677CDBF75A66F28FB44A1A3374B6E5021AD1752C2A8F1D1D2BE915CD9DF078743710D070D5AB
20151104194730 2 6 100 2047 2 DD70C85D8CB7968023CB269335DD6C716D020C5D3FD56A0F5F9FC8F445A421E0D660711DD4E1CBAB4E2E55CEE8752EA53A4EC710DFACF6FA859D0B506DED20325D9687984353EE41F7C6EA830D9DEF5CFFAD92B78603B37A3F9AE06DF10187A6F1E82A61E5489FFE33A12EF0BCE99A733183B7E158FA9DFA15DB978633B67B24B68D12A225AB8DAB65BE98B18D61EE5D71FA6255A9E8C53A393E641738FD6BDBAE102D6F353C4DC3615866EF0E2C392AB6F5C8039281520A76644CE5E04FACE9DF2EBFF8CA937B0495B1C0B625B7B777259BBEE39491E5128C68677CDBF75A66F28FB44A1A3374B6E5021AD1752C2A8F1D1D2BE915CD9DF078743710D078C943
20151104194744 2 6 100 2047 2 DD70C85D8CB7968023CB269335DD6C716D020C5D3FD56A0F5F9FC8F445A421E0D660711DD4E1CBAB4E2E55CEE8752EA53A4EC710DFACF6FA859D0B506DED20325D9687984353EE41F7C6EA830D9DEF5CFFAD92B78603B37A3F9AE06DF10187A6F1E82A61E5489FFE33A12EF0BCE99A733183B7E158FA9DFA15DB978633B67B24B68D12A225AB8DAB65BE98B18D61EE5D71FA6255A9E8C53A393E641738FD6BDBAE102D6F353C4DC3615866EF0E2C392AB6F5C8039281520A76644CE5E04FACE9DF2EBFF8CA937B0495B1C0B625B7B777259BBEE39491E5128C68677CDBF75A66F28FB44A1A3374B6E5021AD1752C2A8F1D1D2BE915CD9DF078743710D0A01443
20151104194759 2 6 100 2047 2 DD70C85D8CB7968023CB269335DD6C716D020C5D3FD56A0F5F9FC8F445A421E0D660711DD4E1CBAB4E2E55CEE8752EA53A4EC710DFACF6FA859D0B506DED20325D9687984353EE41F7C6EA830D9DEF5CFFAD92B78603B37A3F9AE06DF10187A6F1E82A61E5489FFE33A12EF0BCE99A733183B7E158FA9DFA15DB978633B67B24B68D12A225AB8DAB65BE98B18D61EE5D71FA6255A9E8C53A393E641738FD6BDBAE102D6F353C4DC3615866EF0E2C392AB6F5C8039281520A76644CE5E04FACE9DF2EBFF8CA937B0495B1C0B625B7B777259BBEE39491E5128C68677CDBF75A66F28FB44A1A3374B6E5021AD1752C2A8F1D1D2BE915CD9DF078743710D0CD5A1B
20151104194831 2 6 100 2047 2 DD70C85D8CB7968023CB269335DD6C716D020C5D3FD56A0F5F9FC8F445A421E0D660711DD4E1CBAB4E2E55CEE8752EA53A4EC710DFACF6FA859D0B506DED20325D9687984353EE41F7C6EA830D9DEF5CFFAD92B78603B37A3F9AE06DF10187A6F1E82A61E5489FFE33A12EF0BCE99A733183B7E158FA9DFA15DB978633B67B24B68D12A225AB8DAB65BE98B18D61EE5D71FA6255A9E8C53A393E641738FD6BDBAE102D6F353C4DC3615866EF0E2C392AB6F5C8039281520A76644CE5E04FACE9DF2EBFF8CA937B0495B1C0B625B7B777259BBEE39491E5128C68677CDBF75A66F28FB44A1A3374B6E5021AD1752C2A8F1D1D2BE915CD9DF078743710D137CB03
20151104194842 2 6 100 2047 2 DD70C85D8CB7968023CB269335DD6C716D020C5D3FD56A0F5F9FC8F445A421E0D660711DD4E1CBAB4E2E55CEE8752EA53A4EC710DFACF6FA859D0B506DED20325D9687984353EE41F7C6EA830D9DEF5CFFAD92B78603B37A3F9AE06DF10187A6F1E82A61E5489FFE33A12EF0BCE99A733183B7E158FA9DFA15DB978633B67B24B68D12A225AB8DAB65BE98B18D61EE5D71FA6255A9E8C53A393E641738FD6BDBAE102D6F353C4DC3615866EF0E2C392AB6F5C8039281520A76644CE5E04FACE9DF2EBFF8CA937B0495B1C0B625B7B777259BBEE39491E5128C68677CDBF75A66F28FB44A1A3374B6E5021AD1752C2A8F1D1D2BE915CD9DF078743710D14D620B
20151104194921 2 6 100 2047 2 DD70C85D8CB7968023CB269335DD6C716D020C5D3FD56A0F5F9FC8F445A421E0D660711DD4E1CBAB4E2E55CEE8752EA53A4EC710DFACF6FA859D0B506DED20325D9687984353EE41F7C6EA830D9DEF5CFFAD92B78603B37A3F9AE06DF10187A6F1E82A61E5489FFE33A12EF0BCE99A733183B7E158FA9DFA15DB978633B67B24B68D12A225AB8DAB65BE98B18D61EE5D71FA6255A9E8C53A393E641738FD6BDBAE102D6F353C4DC3615866EF0E2C392AB6F5C8039281520A76644CE5E04FACE9DF2EBFF8CA937B0495B1C0B625B7B777259BBEE39491E5128C68677CDBF75A66F28FB44A1A3374B6E5021AD1752C2A8F1D1D2BE915CD9DF078743710D1C5413B
20151104194944 2 6 100 2047 5 DD70C85D8CB7968023CB269335DD6C716D020C5D3FD56A0F5F9FC8F445A421E0D660711DD4E1CBAB4E2E55CEE8752EA53A4EC710DFACF6FA859D0B506DED20325D9687984353EE41F7C6EA830D9DEF5CFFAD92B78603B37A3F9AE06DF10187A6F1E82A61E5489FFE33A12EF0BCE99A733183B7E158FA9DFA15DB978633B67B24B68D12A225AB8DAB65BE98B18D61EE5D71FA6255A9E8C53A393E641738FD6BDBAE102D6F353C4DC3615866EF0E2C392AB6F5C8039281520A76644CE5E04FACE9DF2EBFF8CA937B0495B1C0B625B7B777259BBEE39491E5128C68677CDBF75A66F28FB44A1A3374B6E5021AD1752C2A8F1D1D2BE915CD9DF078743710D207EC47
20151104194948 2 6 100 2047 2 DD70C85D8CB7968023CB269335DD6C716D020C5D3FD56A0F5F9FC8F445A421E0D660711DD4E1CBAB4E2E55CEE8752EA53A4EC710DFACF6FA859D0B506DED20325D9687984353EE41F7C6EA830D9DEF5CFFAD92B78603B37A3F9AE06DF10187A6F1E82A61E5489FFE33A12EF0BCE99A733183B7E158FA9DFA15DB978633B67B24B68D12A225AB8DAB65BE98B18D61EE5D71FA6255A9E8C53A393E641738FD6BDBAE102D6F353C4DC3615866EF0E2C392AB6F5C8039281520A76644CE5E04FACE9DF2EBFF8CA937B0495B1C0B625B7B777259BBEE39491E5128C68677CDBF75A66F28FB44A1A3374B6E5021AD1752C2A8F1D1D2BE915CD9DF078743710D20FD5E3
20151104195011 2 6 100 2047 2 DD70C85D8CB7968023CB269335DD6C716D020C5D3FD56A0F5F9FC8F445A421E0D660711DD4E1CBAB4E2E55CEE8752EA53A4EC710DFACF6FA859D0B506DED20325D9687984353EE41F7C6EA830D9DEF5CFFAD92B78603B37A3F9AE06DF10187A6F1E82A61E5489FFE33A12EF0BCE99A733183B7E158FA9DFA15DB978633B67B24B68D12A225AB8DAB65BE98B18D61EE5D71FA6255A9E8C53A393E641738FD6BDBAE102D6F353C4DC3615866EF0E2C392AB6F5C8039281520A76644CE5E04FACE9DF2EBFF8CA937B0495B1C0B625B7B777259BBEE39491E5128C68677CDBF75A66F28FB44A1A3374B6E5021AD1752C2A8F1D1D2BE915CD9DF078743710D25227A3
20151104195037 2 6 100 2047 2 DD70C85D8CB7968023CB269335DD6C716D020C5D3FD56A0F5F9FC8F445A421E0D660711DD4E1CBAB4E2E55CEE8752EA53A4EC710DFACF6FA859D0B506DED20325D9687984353EE41F7C6EA830D9DEF5CFFAD92B78603B37A3F9AE06DF10187A6F1E82A61E5489FFE33A12EF0BCE99A733183B7E158FA9DFA15DB978633B67B24B68D12A225AB8DAB65BE98B18D61EE5D71FA6255A9E8C53A393E641738FD6BDBAE102D6F353C4DC3615866EF0E2C392AB6F5C8039281520A76644CE5E04FACE9DF2EBFF8CA937B0495B1C0B625B7B777259BBEE39491E5128C68677CDBF75A66F28FB44A1A3374B6E5021AD1752C2A8F1D1D2BE915CD9DF078743710D2A04EBB
20151104195051 2 6 100 2047 2 DD70C85D8CB7968023CB269335DD6C716D020C5D3FD56A0F5F9FC8F445A421E0D660711DD4E1CBAB4E2E55CEE8752EA53A4EC710DFACF6FA859D0B506DED20325D9687984353EE41F7C6EA830D9DEF5CFFAD92B78603B37A3F9AE06DF10187A6F1E82A61E5489FFE33A12EF0BCE99A733183B7E158FA9DFA15DB978633B67B24B68D12A225AB8DAB65BE98B18D61EE5D71FA6255A9E8C53A393E641738FD6BDBAE102D6F353C4DC3615866EF0E2C392AB6F5C8039281520A76644CE5E04FACE9DF2EBFF8CA937B0495B1C0B625B7B777259BBEE39491E5128C68677CDBF75A66F28FB44A1A3374B6E5021AD1752C2A8F1D1D2BE915CD9DF078743710D2C815F3
20151104195054 2 6 100 2047 5 DD70C85D8CB7968023CB269335DD6C716D020C5D3FD56A0F5F9FC8F445A421E0D660711DD4E1CBAB4E2E55CEE8752EA53A4EC710DFACF6FA859D0B506DED20325D9687984353EE41F7C6EA830D9DEF5CFFAD92B78603B37A3F9AE06DF10187A6F1E82A61E5489FFE33A12EF0BCE99A733183B7E158FA9DFA15DB978633B67B24B68D12A225AB8DAB65BE98B18D61EE5D71FA6255A9E8C53A393E641738FD6BDBAE102D6F353C4DC3615866EF0E2C392AB6F5C8039281520A76644CE5E04FACE9DF2EBFF8CA937B0495B1C0B625B7B777259BBEE39491E5128C68677CDBF75A66F28FB44A1A3374B6E5021AD1752C2A8F1D1D2BE915CD9DF078743710D2CC4907
20151104195124 2 6 100 2047 2 DD70C85D8CB7968023CB269335DD6C716D020C5D3FD56A0F5F9FC8F445A421E0D660711DD4E1CBAB4E2E55CEE8752EA53A4EC710DFACF6FA859D0B506DED20325D9687984353EE41F7C6EA830D9DEF5CFFAD92B78603B37A3F9AE06DF10187A6F1E82A61E5489FFE33A12EF0BCE99A733183B7E158FA9DFA15DB978633B67B24B68D12A225AB8DAB65BE98B18D61EE5D71FA6255A9E8C53A393E641738FD6BDBAE102D6F353C4DC3615866EF0E2C392AB6F5C8039281520A76644CE5E04FACE9DF2EBFF8CA937B0495B1C0B625B7B777259BBEE39491E5128C68677CDBF75A66F28FB44A1A3374B6E5021AD1752C2A8F1D1D2BE915CD9DF078743710D329288B
20151104195143 2 6 100 2047 2 DD70C85D8CB7968023CB269335DD6C716D020C5D3FD56A0F5F9FC8F445A421E0D660711DD4E1CBAB4E2E55CEE8752EA53A4EC710DFACF6FA859D0B506DED20325D9687984353EE41F7C6EA830D9DEF5CFFAD92B78603B37A3F9AE06DF10187A6F1E82A61E5489FFE33A12EF0BCE99A733183B7E158FA9DFA15DB978633B67B24B68D12A225AB8DAB65BE98B18D61EE5D71FA6255A9E8C53A393E641738FD6BDBAE102D6F353C4DC3615866EF0E2C392AB6F5C8039281520A76644CE5E04FACE9DF2EBFF8CA937B0495B1C0B625B7B777259BBEE39491E5128C68677CDBF75A66F28FB44A1A3374B6E5021AD1752C2A8F1D1D2BE915CD9DF078743710D35D5C3B
20151104195203 2 6 100 2047 5 DD70C85D8CB7968023CB269335DD6C716D020C5D3FD56A0F5F9FC8F445A421E0D660711DD4E1CBAB4E2E55CEE8752EA53A4EC710DFACF6FA859D0B506DED20325D9687984353EE41F7C6EA830D9DEF5CFFAD92B78603B37A3F9AE06DF10187A6F1E82A61E5489FFE33A12EF0BCE99A733183B7E158FA9DFA15DB978633B67B24B68D12A225AB8DAB65BE98B18D61EE5D71FA6255A9E8C53A393E641738FD6BDBAE102D6F353C4DC3615866EF0E2C392AB6F5C8039281520A76644CE5E04FACE9DF2EBFF8CA937B0495B1C0B625B7B777259BBEE39491E5128C68677CDBF75A66F28FB44A1A3374B6E5021AD1752C2A8F1D1D2BE915CD9DF078743710D398674F
20151104195222 2 6 100 2047 5 DD70C85D8CB7968023CB269335DD6C716D020C5D3FD56A0F5F9FC8F445A421E0D660711DD4E1CBAB4E2E55CEE8752EA53A4EC710DFACF6FA859D0B506DED20325D9687984353EE41F7C6EA830D9DEF5CFFAD92B78603B37A3F9AE06DF10187A6F1E82A61E5489FFE33A12EF0BCE99A733183B7E158FA9DFA15DB978633B67B24B68D12A225AB8DAB65BE98B18D61EE5D71FA6255A9E8C53A393E641738FD6BDBAE102D6F353C4DC3615866EF0E2C392AB6F5C8039281520A76644CE5E04FACE9DF2EBFF8CA937B0495B1C0B625B7B777259BBEE39491E5128C68677CDBF75A66F28FB44A1A3374B6E5021AD1752C2A8F1D1D2BE915CD9DF078743710D3D2166F
20151104195344 2 6 100 2047 2 DD70C85D8CB7968023CB269335DD6C716D020C5D3FD56A0F5F9FC8F445A421E0D660711DD4E1CBAB4E2E55CEE8752EA53A4EC710DFACF6FA859D0B506DED20325D9687984353EE41F7C6EA830D9DEF5CFFAD92B78603B37A3F9AE06DF10187A6F1E82A61E5489FFE33A12EF0BCE99A733183B7E158FA9DFA15DB978633B67B24B68D12A225AB8DAB65BE98B18D61EE5D71FA6255A9E8C53A393E641738FD6BDBAE102D6F353C4DC3615866EF0E2C392AB6F5C8039281520A76644CE5E04FACE9DF2EBFF8CA937B0495B1C0B625B7B777259BBEE39491E5128C68677CDBF75A66F28FB44A1A3374B6E5021AD1752C2A8F1D1D2BE915CD9DF078743710D4DC6F6B
20151104195442 2 6 100 2047 2 DD70C85D8CB7968023CB269335DD6C716D020C5D3FD56A0F5F9FC8F445A421E0D660711DD4E1CBAB4E2E55CEE8752EA53A4EC710DFACF6FA859D0B506DED20325D9687984353EE41F7C6EA830D9DEF5CFFAD92B78603B37A3F9AE06DF10187A6F1E82A61E5489FFE33A12EF0BCE99A733183B7E158FA9DFA15DB978633B67B24B68D12A225AB8DAB65BE98B18D61EE5D71FA6255A9E8C53A393E641738FD6BDBAE102D6F353C4DC3615866EF0E2C392AB6F5C8039281520A76644CE5E04FACE9DF2EBFF8CA937B0495B1C0B625B7B777259BBEE39491E5128C68677CDBF75A66F28FB44A1A3374B6E5021AD1752C2A8F1D1D2BE915CD9DF078743710D58D2C93
20151104195454 2 6 100 2047 2 DD70C85D8CB7968023CB269335DD6C716D020C5D3FD56A0F5F9FC8F445A421E0D660711DD4E1CBAB4E2E55CEE8752EA53A4EC710DFACF6FA859D0B506DED20325D9687984353EE41F7C6EA830D9DEF5CFFAD92B78603B37A3F9AE06DF10187A6F1E82A61E5489FFE33A12EF0BCE99A733183B7E158FA9DFA15DB978633B67B24B68D12A225AB8DAB65BE98B18D61EE5D71FA6255A9E8C53A393E641738FD6BDBAE102D6F353C4DC3615866EF0E2C392AB6F5C8039281520A76644CE5E04FACE9DF2EBFF8CA937B0495B1C0B625B7B777259BBEE39491E5128C68677CDBF75A66F28FB44A1A3374B6E5021AD1752C2A8F1D1D2BE915CD9DF078743710D5ADB043
20151104195501 2 6 100 2047 5 DD70C85D8CB7968023CB269335DD6C716D020C5D3FD56A0F5F9FC8F445A421E0D660711DD4E1CBAB4E2E55CEE8752EA53A4EC710DFACF6FA859D0B506DED20325D9687984353EE41F7C6EA830D9DEF5CFFAD92B78603B37A3F9AE06DF10187A6F1E82A61E5489FFE33A12EF0BCE99A733183B7E158FA9DFA15DB978633B67B24B68D12A225AB8DAB65BE98B18D61EE5D71FA6255A9E8C53A393E641738FD6BDBAE102D6F353C4DC3615866EF0E2C392AB6F5C8039281520A76644CE5E04FACE9DF2EBFF8CA937B0495B1C0B625B7B777259BBEE39491E5128C68677CDBF75A66F28FB44A1A3374B6E5021AD1752C2A8F1D1D2BE915CD9DF078743710D5BC9EAF
20151104195553 2 6 100 2047 2 DD70C85D8CB7968023CB269335DD6C716D020C5D3FD56A0F5F9FC8F445A421E0D660711DD4E1CBAB4E2E55CEE8752EA53A4EC710DFACF6FA859D0B506DED20325D9687984353EE41F7C6EA830D9DEF5CFFAD92B78603B37A3F9AE06DF10187A6F1E82A61E5489FFE33A12EF0BCE99A733183B7E158FA9DFA15DB978633B67B24B68D12A225AB8DAB65BE98B18D61EE5D71FA6255A9E8C53A393E641738FD6BDBAE102D6F353C4DC3615866EF0E2C392AB6F5C8039281520A76644CE5E04FACE9DF2EBFF8CA937B0495B1C0B625B7B777259BBEE39491E5128C68677CDBF75A66F28FB44A1A3374B6E5021AD1752C2A8F1D1D2BE915CD9DF078743710D65881DB
20151104195607 2 6 100 2047 2 DD70C85D8CB7968023CB269335DD6C716D020C5D3FD56A0F5F9FC8F445A421E0D660711DD4E1CBAB4E2E55CEE8752EA53A4EC710DFACF6FA859D0B506DED20325D9687984353EE41F7C6EA830D9DEF5CFFAD92B78603B37A3F9AE06DF10187A6F1E82A61E5489FFE33A12EF0BCE99A733183B7E158FA9DFA15DB978633B67B24B68D12A225AB8DAB65BE98B18D61EE5D71FA6255A9E8C53A393E641738FD6BDBAE102D6F353C4DC3615866EF0E2C392AB6F5C8039281520A76644CE5E04FACE9DF2EBFF8CA937B0495B1C0B625B7B777259BBEE39491E5128C68677CDBF75A66F28FB44A1A3374B6E5021AD1752C2A8F1D1D2BE915CD9DF078743710D67A41DB
20151104195634 2 6 100 2047 5 DD70C85D8CB7968023CB269335DD6C716D020C5D3FD56A0F5F9FC8F445A421E0D660711DD4E1CBAB4E2E55CEE8752EA53A4EC710DFACF6FA859D0B506DED20325D9687984353EE41F7C6EA830D9DEF5CFFAD92B78603B37A3F9AE06DF10187A6F1E82A61E5489FFE33A12EF0BCE99A733183B7E158FA9DFA15DB978633B67B24B68D12A225AB8DAB65BE98B18D61EE5D71FA6255A9E8C53A393E641738FD6BDBAE102D6F353C4DC3615866EF0E2C392AB6F5C8039281520A76644CE5E04FACE9DF2EBFF8CA937B0495B1C0B625B7B777259BBEE39491E5128C68677CDBF75A66F28FB44A1A3374B6E5021AD1752C2A8F1D1D2BE915CD9DF078743710D6CD8B47
20151104195718 2 6 100 2047 2 DD70C85D8CB7968023CB269335DD6C716D020C5D3FD56A0F5F9FC8F445A421E0D660711DD4E1CBAB4E2E55CEE8752EA53A4EC710DFACF6FA859D0B506DED20325D9687984353EE41F7C6EA830D9DEF5CFFAD92B78603B37A3F9AE06DF10187A6F1E82A61E5489FFE33A12EF0BCE99A733183B7E158FA9DFA15DB978633B67B24B68D12A225AB8DAB65BE98B18D61EE5D71FA6255A9E8C53A393E641738FD6BDBAE102D6F353C4DC3615866EF0E2C392AB6F5C8039281520A76644CE5E04FACE9DF2EBFF8CA937B0495B1C0B625B7B777259BBEE39491E5128C68677CDBF75A66F28FB44A1A3374B6E5021AD1752C2A8F1D1D2BE915CD9DF078743710D75DFD9B
